# Answer BlueStork initial
4d 4f 5f 49 01 00 00 00 00 00 00 00 00 00 00 41 00 00 00 41 00 00 00 45 38 41 42 46 41 31 30 31 33 33 41 00 00 00 00 00 00 00 00 00 00 00 00 00 00 00 00 00 00 00 00 00 00 00 00 00 00 00 00 00 00 00 00 00 00 00 00 00 00 00 00 00 00 11 25 02 29 14 08 04 48 00 50 01

# Answer BlueStork configured
4d 4f 5f 49 01 00 00 00 00 00 00 00 00 00 00 41 00 00 00 41 00 00 00 45 38 41 42 46 41 31 30 31 33 33 41 00 00 00 00 00 00 00 00 00 00 00 00 00 00 00 00 00 00 00 00 00 00 c0 a8 01 fe ff ff ff 00 c0 a8 01 01 c0 a8 01 01 00 00 00 00 11 25 02 29 14 08 04 48 00 50 00

# Answer HEDEN
4d 4f 5f 49 01 00 00 00 00 00 00 00 00 00 00 41 00 00 00 41 00 00 00 30 30 36 45 30 36 30 38 32 30 38 33 00 43 61 6d c3 a9 72 61 20 49 6e 74 c3 a9 72 69 65 75 72 00 00 00 00 00 00 00 00 00 00 00 00 00 00 00 00 00 00 00 00 00 00 00 00 29 02 2f 01 02 09 00 00 50 01  

# Request
4d 4f 5f 49 00 00 00 00 00 00 00 00 00 00 00 04 00 00 00 04 00 00 00 00 00 00 01                
